104

true,true,59,2

DamagedPlayer1:3,0.27,,0.5095,0.3554,0.312,0.2182,0.5471,,-0.253,0.0215,0.4215,0.9945,0.0002,0.8517,0.4261,-0.0943,0.8428,0.8453,0.0157,0.5589,-0.9999,,-0.5357,-0.9772,0.7066,0.3898,0.9163,0.5529,0.795,0.5056,0.7717,masterVolume:59
ShootingLaser1:9,0.5,,0.175,0.33,0.9,0.075,0.558,,0.5904,-0.2247,0.7006,0.8319,,0.905,0.7496,0.7417,0.8352,-0.841,0.2242,0.9652,-0.2562,,-0.988,-0.4964,0.8227,-0.4555,0.695,0.0773,-0.9157,0.0307,-0.9999,masterVolume:60
GameOver1:7,0.5,0.045,1,,0.0311,0.03,0.075,,-0.0999,,,,,,,,,,,0.3045,,,,,1,,,0.1,,,,masterVolume:70
BAO1:7,0.5,0.0303,0.9621,0.0213,0.0257,,0.1243,,-0.1298,0.0593,,,,,0.0364,0.0499,0.088,,,0.3221,-0.0113,,,-0.043,0.9698,,,0.1531,-0.0221,,0.0113,masterVolume:72
BAO2:7,0.5,0.0198,0.9621,0.0661,0.0257,0.0341,0.1008,,-0.0826,0.0307,,,,,0.079,0.0924,0.1052,-0.0182,0.0369,0.276,0.0131,,0.0109,-0.0477,1,-0.0112,,0.1531,-0.0221,0.0197,0.0113,masterVolume:74
RecoverHealth1:2,0.5,,0.1879,,0.4622,0.3,0.237,,0.1672,,0.6865,0.0404,,,,,,,,0.2797,,,,,1,,,,,,,masterVolume:78
Landing1:9,0.3,,0.1521,0.7525,0.4733,0.3,0.0501,,0.2583,,,,,,,,,,,,,,0.1617,-0.0945,1,,,,,,,masterVolume:79
Resource1:1,0.3,0.035,0.25,,0.164,0.3,0.4172,,0.205,,0.1079,0.4373,,,,,,,,,,,,,1,,,,,,,masterVolume:85
SpeedUp1:7,0.3,,0.135,0.465,0.3955,0.3,0.4591,,-0.2865,,,,,,,,,,,,,0.4484,-0.1326,-0.0908,1,,,,,,,masterVolume:92

Default:-1>1>72|7,0.5,0.0303,0.9621,0.0213,0.0257,,0.1243,,-0.1298,0.0593,,,,,0.0364,0.0499,0.088,,,0.3221,-0.0113,,,-0.043,0.9698,,,0.1531,-0.0221,,0.0113,masterVolume|0|1|false>-1||0|1|false>-1||0|1|false>-1||0|1|false>-1||0|1|false:2
